26.72	910.5135.10	52.76	892.72	
26.71	910.5235.15	52.83	892.72	
27.58	910.4535.22	59.44	893.17	
27.86	910.4734.51	56.71	892.99	
27.40	910.4934.60	55.33	892.90	
27.11	910.4934.82	54.79	892.90	
26.94	910.5034.91	54.61	892.90	
26.82	910.5034.95	54.93	892.81	
26.76	910.5135.05	54.83	892.81	
26.73	910.5135.12	54.61	892.72	
26.71	910.5135.22	55.08	892.72	
26.68	910.5135.18	55.01	892.81	
26.63	910.5135.17	55.44	892.81	
26.59	910.5035.16	55.22	892.90	
26.55	910.5035.19	55.37	892.90	
26.51	910.5135.23	55.96	892.81	
26.48	910.5035.29	56.14	892.90	
26.46	910.5035.32	55.77	892.90	
26.44	910.4935.35	56.14	892.99	
26.41	910.4935.38	56.26	892.90	
26.37	910.4935.43	56.33	892.90	
26.33	910.4935.53	56.33	892.90	
26.29	910.5035.61	56.79	892.90	
26.25	910.4935.69	56.79	892.90	
26.22	910.4935.73	57.10	892.99	
26.19	910.4835.79	57.06	892.90	
26.16	910.4835.87	57.21	892.99	
26.13	910.4835.95	57.45	892.99	
26.12	910.4835.99	57.61	892.99	
26.10	910.4836.06	57.88	892.99	
26.09	910.4836.16	57.96	892.99	
26.08	910.4936.20	57.84	892.99	
26.07	910.4936.20	57.96	892.90	
26.06	910.5036.22	58.33	892.90	
26.05	910.4936.23	58.61	892.90	
26.04	910.4836.24	58.61	893.08	
26.03	910.4836.30	58.65	893.08	
26.02	910.4736.32	59.27	893.08	
26.01	910.4836.35	58.90	893.08	
26.01	910.4836.34	59.06	892.99	
26.00	910.4936.35	59.11	892.90	
26.00	910.4936.33	59.52	892.90	
26.01	910.4936.34	59.48	892.90	
26.03	910.4936.33	59.61	892.90	
26.05	910.4936.30	59.78	892.90	
26.07	910.4936.30	60.16	892.90	
26.07	910.4936.32	60.12	892.90	
26.08	910.4836.33	60.25	892.99	
26.10	910.4936.30	60.55	892.99	
26.11	910.4836.27	60.64	892.99	
26.12	910.4836.25	60.77	893.08	
26.13	910.4736.24	61.08	892.99	
26.15	910.4836.22	61.17	892.99	
26.16	910.4836.21	61.21	892.99	
26.16	910.4836.25	61.30	893.08	
26.18	910.4836.24	61.17	893.08	
26.19	910.4736.24	61.75	893.08	
26.19	910.4836.24	61.75	893.08	
26.20	910.4736.22	61.66	893.08	
26.21	910.4836.22	62.07	892.99	
26.20	910.4836.20	62.21	892.99	
26.20	910.4836.19	62.44	892.99	
26.20	910.4936.20	62.44	892.90	
26.20	910.4936.20	62.49	892.90	
26.20	910.4936.21	62.72	892.90	
26.20	910.4936.24	62.63	892.90	
26.19	910.4936.27	62.91	892.99	
26.19	910.4936.28	63.43	892.99	
26.18	910.4836.30	62.91	892.99	
26.16	910.4836.35	63.48	893.08	
26.13	910.4836.41	63.19	892.99	
26.10	910.4836.53	63.62	893.08	
26.06	910.4736.63	63.67	892.99	
26.03	910.4836.72	63.82	893.08	
26.00	910.4736.79	63.72	893.17	
25.97	910.4636.87	63.96	893.17	
25.95	910.4736.93	64.11	893.17	
25.93	910.4636.97	64.16	893.17	
25.92	910.4737.02	64.45	893.08	
25.90	910.4737.11	64.55	893.17	
25.89	910.4737.19	64.55	893.17	
25.88	910.4637.24	64.85	893.26	
25.87	910.4637.26	64.80	893.26	
25.87	910.4637.25	65.15	893.17	
25.87	910.4737.25	65.10	893.17	
25.87	910.4737.22	65.41	893.17	
25.87	910.4637.22	65.10	893.17	
25.88	910.4637.23	65.51	893.26	
25.88	910.4637.21	65.76	893.17	
25.89	910.4737.22	65.71	893.17	
25.91	910.4637.24	65.87	893.26	
25.93	910.4637.22	66.02	893.08	
25.94	910.4637.18	65.97	893.17	
25.94	910.4737.20	66.28	893.17	
25.95	910.4637.19	66.49	893.26	
25.96	910.4537.18	66.65	893.35	
25.96	910.4537.19	66.44	893.26	
25.95	910.4537.21	67.02	893.17	
25.94	910.4637.20	66.81	893.26	
25.94	910.4537.22	66.76	893.26	
25.93	910.4537.22	66.86	893.35	
25.93	910.4537.24	67.24	893.26	
25.93	910.4537.26	67.56	893.17	
25.92	910.4637.29	67.40	893.17	
25.92	910.4737.32	67.51	893.17	
25.92	910.4737.32	67.56	893.17	
25.92	910.4737.33	67.67	893.17	
25.93	910.4637.33	67.78	893.17	
25.94	910.4737.35	67.83	893.08	
25.95	910.4737.34	68.00	893.17	
25.96	910.4737.33	68.33	893.17	
25.98	910.4737.31	68.22	893.17	
25.99	910.4737.28	68.61	893.08	
26.01	910.4737.24	68.66	893.08	
26.03	910.4737.19	68.83	893.17	
26.04	910.4737.16	68.83	893.08	
26.05	910.4737.17	69.00	893.17	
26.05	910.4637.20	69.34	893.08	
26.05	910.4737.17	69.12	893.08	
26.06	910.4737.17	69.46	893.17	
26.07	910.4637.17	69.34	893.17	
26.08	910.4637.17	69.40	893.17	
26.09	910.4637.14	69.29	893.17	
26.10	910.4637.14	69.57	893.17	
26.11	910.4637.09	70.15	893.17	
26.12	910.4637.06	69.86	893.26	
26.13	910.4637.03	70.39	893.17	
26.14	910.4737.02	70.45	893.17	
26.14	910.4737.05	70.39	893.08	
26.15	910.4737.02	70.21	893.08	
26.15	910.4737.01	70.63	893.08	
26.16	910.4837.03	70.75	892.99	
26.15	910.4737.04	70.98	893.08	
26.14	910.4737.06	71.04	893.08	
26.12	910.4737.08	71.29	893.17	
26.10	910.4637.13	71.10	893.17	
26.08	910.4537.18	71.04	893.26	
26.07	910.4637.21	71.53	893.26	
26.05	910.4737.27	71.41	893.17	
26.04	910.4637.33	71.77	893.17	
26.04	910.4537.38	71.59	893.26	
26.04	910.4637.42	71.47	893.17	
26.04	910.4637.47	71.77	893.26	
26.03	910.4637.53	71.83	893.26	
26.02	910.4637.55	72.02	893.26	
26.01	910.4637.56	72.26	893.17	
26.02	910.4637.55	72.08	893.17	
26.02	910.4637.56	72.39	893.17	
26.02	910.4637.56	72.33	893.17	
26.03	910.4737.55	72.70	893.17	
26.04	910.4637.53	72.95	893.26	
26.04	910.4537.51	72.89	893.17	
26.05	910.4637.50	73.21	893.17	
26.05	910.4637.49	72.95	893.17	
26.05	910.4637.51	73.34	893.17	
26.04	910.4637.52	73.02	893.17	
26.03	910.4737.55	73.15	893.08	
26.01	910.4737.58	73.59	893.17	
25.99	910.4737.65	72.95	893.17	
25.97	910.4737.71	74.11	893.17	
25.95	910.4737.76	73.85	893.17	
25.95	910.4637.79	73.59	893.26	
25.95	910.4637.78	73.72	893.26	
25.95	910.4537.82	73.79	893.26	
25.95	910.4637.84	73.98	893.26	
25.94	910.4537.88	73.98	893.35	
25.94	910.4537.88	74.57	893.35	
25.96	910.4537.88	74.05	893.35	
25.96	910.4537.90	74.57	893.26	
25.96	910.4637.98	74.18	893.17	
25.95	910.4638.03	74.31	893.17	
25.95	910.4638.05	74.37	893.26	
25.94	910.4638.07	74.84	893.17	
25.94	910.4638.05	74.90	893.26	
25.94	910.4638.04	74.90	893.26	
25.94	910.4637.99	74.51	893.26	
25.94	910.4537.98	75.24	893.35	
25.95	910.4537.96	75.38	893.26	
25.96	910.4637.96	75.24	893.26	
25.97	910.4637.92	75.38	893.26	
25.98	910.4537.92	75.24	893.26	
25.99	910.4637.92	75.51	893.17	
26.00	910.4737.91	75.85	893.08	
26.01	910.4637.89	75.78	893.17	
26.02	910.4637.85	76.47	893.26	
26.03	910.4637.83	76.40	893.17	
26.03	910.4737.83	76.13	893.17	
26.05	910.4637.82	75.92	893.26	
26.05	910.4637.82	76.20	893.17	
26.05	910.4637.81	76.26	893.17	
26.04	910.4737.84	76.75	893.08	
26.04	910.4737.84	76.33	893.17	
26.05	910.4637.84	76.54	893.26	
26.05	910.4537.84	76.61	893.26	
26.05	910.4637.84	76.75	893.17	
26.05	910.4737.86	76.96	893.17	
26.04	910.4737.85	76.75	893.17	
26.05	910.4637.85	76.89	893.26	
26.05	910.4637.84	77.03	893.17	
26.05	910.4637.85	77.25	893.26	
26.04	910.4637.88	77.39	893.26	
26.04	910.4537.91	77.60	893.17	
26.04	910.4637.91	77.32	893.26	
26.05	910.4537.92	77.89	893.26	
26.06	910.4637.91	77.53	893.17	
26.06	910.4637.92	77.60	893.26	
26.07	910.4637.91	77.89	893.26	
26.07	910.4637.91	77.53	893.17	
26.08	910.4537.91	77.82	893.26	
26.08	910.4537.91	78.18	893.35	
26.09	910.4537.89	78.54	893.35	
26.09	910.4537.90	78.18	893.26	
26.09	910.4537.89	78.77	893.35	
26.08	910.4437.93	78.18	893.35	
26.08	910.4537.93	78.47	893.35	
26.09	910.4537.90	78.47	893.26	
26.09	910.4537.92	78.91	893.26	
26.10	910.4637.91	78.91	893.26	
26.11	910.4537.90	78.77	893.26	
26.13	910.4637.86	78.99	893.26	
26.14	910.4537.84	79.21	893.35	
26.14	910.4437.80	79.44	893.26	
26.15	910.4537.81	79.66	893.26	
26.16	910.4637.79	79.29	893.26	
26.17	910.4637.77	79.59	893.26	
26.17	910.4537.75	79.89	893.17	
26.18	910.4637.72	80.12	893.17	
26.18	910.4637.70	80.12	893.26	
26.19	910.4537.70	79.81	893.26	
26.18	910.4537.70	80.12	893.26	
26.17	910.4537.72	80.12	893.26	
26.16	910.4637.73	80.42	893.26	
26.14	910.4637.77	80.12	893.26	
26.12	910.4537.82	80.04	893.17	
26.10	910.4637.88	80.65	893.26	
26.08	910.4537.96	80.35	893.26	
26.07	910.4638.01	80.58	893.26	
26.05	910.4538.06	81.12	893.35	
26.04	910.4438.09	80.65	893.35	
26.19	910.3938.58	87.54	893.81	
26.18	910.4038.64	87.36	893.72	
26.18	910.4038.90	87.18	893.72	
26.19	910.4039.21	87.18	893.72	
26.19	910.4139.18	87.27	